P_infect = 0.3 P_initial_infect = 0.001 Runs per marginal node = 10000
Node ID	Reward so Far	Marginal gain	Runtime (minutes)
1874	11.877100000000013	-179.0006	1.442711353302002
1669	4.7224	-7.1547000000000125	3.02797114054362
453	3.9813	-0.7411000000000003	3.44291007121404
1706	3.6564	-0.32489999999999997	3.8487972180048624
1159	3.4155	-0.2408999999999999	4.063555204868317
1144	3.2031	-0.21240000000000014	4.21073328256607
1287	3.0723	-0.13080000000000025	4.681064327557881
1258	2.9999	-0.07240000000000002	5.188996783892313
278	2.9526	-0.0472999999999999	5.52824801603953
993	2.9144	-0.03819999999999979	5.62064661582311
895	2.8785	-0.035900000000000265	5.642091759045919
1839	2.8453	-0.033199999999999896	5.663803788026174
999	2.8193	-0.0259999999999998	5.730805706977844
1274	2.7984	-0.02090000000000014	5.825600528717041
412	2.7779	-0.020500000000000185	5.84092040459315
246	2.7593	-0.018599999999999728	5.884207971890768
511	2.7423	-0.016999999999999904	5.927826344966888
203	2.727	-0.015300000000000313	5.982619261741638
1377	2.7126	-0.014399999999999746	6.007773645718893
1	2.6991	-0.013500000000000068	6.044874258836111
1906	2.6866	-0.012500000000000178	6.085534942150116
465	2.6748	-0.011800000000000033	6.117337461312612
1151	2.6649	-0.00990000000000002	6.251843837896983
390	2.6553	-0.009599999999999831	6.279474290211995
1768	2.6459	-0.009399999999999853	6.294758836428325
713	2.6367	-0.009200000000000319	6.317601533730825
1369	2.628	-0.008699999999999708	6.37073925336202
1440	2.6201	-0.00790000000000024	6.458685859044393
350	2.6124	-0.007699999999999818	6.481728367010752
1876	2.6047	-0.007700000000000262	6.483632481098175
411	2.5982	-0.00649999999999995	6.617259267965952
1254	2.5917	-0.00649999999999995	6.621317644913991
1792	2.5856	-0.006099999999999994	6.681069397926331
1998	2.5797	-0.005900000000000016	6.704731146494548
56	2.5738	-0.005900000000000016	6.706356406211853
547	2.5682	-0.005599999999999827	6.751561629772186
1550	2.5628	-0.005399999999999849	6.80304578145345
905	2.5576	-0.0052000000000003155	6.828939497470856
24	2.5529	-0.004699999999999704	6.951736426353454
1586	2.5484	-0.0045000000000001705	6.997528529167175
691	2.5442	-0.0041999999999999815	7.079731372992198
1587	2.54	-0.0041999999999999815	7.095882387955983
1930	2.5361	-0.0039000000000002366	7.199962039788564
1952	2.5322	-0.0038999999999997925	7.216410883267721
829	2.5284	-0.0038000000000000256	7.223918954531352
2027	2.5246	-0.0038000000000000256	7.235590481758118
76	2.5209	-0.0036999999999998145	7.2629164775212605
690	2.5172	-0.0037000000000002586	7.264930931727092
1712	2.5136	-0.0036000000000000476	7.314580094814301
1680	2.5101	-0.0034999999999998366	7.345912138621013
