P_infect = 0.5 P_initial_infect = 0.005 Runs per marginal node = 1000
Node ID	Reward so Far	Marginal gain	Runtime (minutes)
1952	0.978	0.978	0.34467948277791344
246	0.985	0.007000000000000006	0.9024172345797221
1144	0.988	0.0030000000000000027	1.125523606936137
167	0.99	0.0020000000000000018	1.1793493707974751
915	0.992	0.0020000000000000018	1.1873708605766295
2029	0.993	0.0010000000000000009	1.2241222580273947
933	0.994	0.0010000000000000009	1.2245852947235107
1627	0.995	0.0010000000000000009	1.229001530011495
681	0.996	0.0010000000000000009	1.231521741549174
646	0.997	0.0010000000000000009	1.2340050379435221
333	0.998	0.0010000000000000009	1.2390846252441405
1527	0.999	0.0010000000000000009	1.245393939812978
1420	1.0	0.0010000000000000009	1.2467546065648396
1015	1.0	0.0	1.3557671387990315
1	1.0	0.0	1.3562708099683125
1022	1.0	0.0	1.3566708207130431
7	1.0	0.0	1.3572654763857523
16	1.0	0.0	1.3577937364578248
1023	1.0	0.0	1.3583136081695557
17	1.0	0.0	1.3588659127553304
