P_infect = 0.3 P_initial_infect = 0.001 Runs per marginal node = 20000
Node ID	Reward so Far	Marginal gain	Runtime (minutes)
53	0.978	0.978
1144	0.982	0.0040000000000000036	0.02269050677617391
984	0.983	0.0010000000000000009	0.02448385159174601
993	0.984	0.0010000000000000009	0.025440359115600587
1874	0.984	0.0	0.026504794756571453
1258	0.984	0.0	0.027631318569183348
1669	0.984	0.0	0.028467166423797607
999	0.984	0.0	0.029488877455393473
511	0.984	0.0	0.030435566107432047
585	0.984	0.0	0.031773571173350015
852	0.984	0.0	0.032936930656433105
1998	0.984	0.0	0.03393778800964355
1278	0.984	0.0	0.03514731725056966
1440	0.984	0.0	0.03648010492324829
1974	0.984	0.0	0.037847594420115156
411	0.984	0.0	0.03898537556330363
1580	0.984	0.0	0.04002645413080851
1159	0.984	0.0	0.0414243221282959
1369	0.984	0.0	0.04234569867451986
1839	0.984	0.0	0.04333922863006592
