P_infect = 0.3 P_initial_infect = 0.005 Runs per marginal node = 1000
Node ID	Reward so Far	Marginal gain	Runtime (minutes)
1144	10417.879	-28847.121	0.0004826068878173828
453	9596.43	-821.4490000000005	0.07114049593607584
1874	9404.049	-192.3809999999994	0.1000081976254781
895	9230.804	-173.2450000000008	0.10585713783899943
1706	9105.938	-124.86599999999999	0.13662901719411213
1159	8985.561	-120.37700000000041	0.1468189239501953
278	8884.897	-100.66399999999885	0.15566109816233317
1833	8808.13	-76.76700000000164	0.17205918629964193
1669	8741.355	-66.77499999999964	0.17930913368860882
480	8682.215	-59.13999999999942	0.18652444680531818
984	8630.845	-51.3700000000008	0.19638431469599407
1753	8582.169	-48.675999999999476	0.2019702434539795
808	8539.488	-42.681000000000495	0.21270041863123576
713	8500.949	-38.53899999999885	0.2169598897298177
993	8462.895	-38.05400000000009	0.22109492222468058
1522	8428.53	-34.36499999999978	0.23056182463963826
1996	8395.35	-33.18000000000029	0.2335290789604187
869	8364.106	-31.244000000000597	0.23908616304397584
1768	8335.173	-28.932999999999083	0.2503948966662089
217	8306.275	-28.898000000001048	0.25406101942062376
1751	8277.95	-28.32499999999891	0.2590306520462036
829	8227.749	-50.20100000000093	0.26374379396438596
1287	8201.455	-26.29399999999987	0.2759755452473958
1377	7897.248	-304.20700000000033	0.2800070643424988
1365	7816.565	-80.68299999999999	0.2841309706370036
203	7791.637	-24.927999999999884	0.29422611792882286
999	7767.004	-24.63299999999981	0.30087352991104127
547	7681.358	-85.64599999999973	0.30504228671391803
329	7656.797	-24.561000000000604	0.3094290137290955
1	7635.967	-20.829999999999927	0.34083524147669475
817	7615.789	-20.177999999999884	0.3454582293828328
396	7535.933	-79.85599999999977	0.3496938983599345
1770	7515.989	-19.944000000000415	0.3564179142316182
1539	7457.274	-58.714999999999236	0.3605467716852824
1979	7359.801	-97.47299999999996	0.364626399676005
403	7340.009	-19.79200000000037	0.369317090511322
1995	7319.274	-20.734999999999673	0.37332109610239667
539	7294.494	-24.780000000000655	0.37763301928838094
1011	7274.269	-20.224999999999454	0.3827586491902669
1501	7256.125	-18.144000000000233	0.3910976966222127
1301	7238.899	-17.225999999999658	0.39777571757634483
1906	7222.439	-16.460000000000036	0.4068428039550781
344	7206.641	-15.798000000000684	0.4164020458857218
25	7169.792	-36.84899999999925	0.42002514998118085
1987	7154.966	-14.826000000000022	0.4345811128616333
1942	7124.742	-30.22400000000016	0.43837502002716067
1998	7110.736	-14.006000000000313	0.4437981565793355
585	7097.242	-13.493999999999687	0.4480454762776693
675	7062.771	-34.47100000000046	0.4523967186609904
1876	7049.323	-13.44799999999941	0.4567140301068624
