P_infect = 0.3 P_initial_infect = 0.005 Runs per marginal node = 10000
Node ID	Reward so Far	Marginal gain	Runtime (minutes)
1874	28.09680000000003	-488.2579999999999	0.021867521603902183
1669	15.9354	-12.16140000000003	0.16711140076319378
453	14.4017	-1.5336999999999996	0.21906994581222533
1144	13.5368	-0.8649000000000004	0.2566365242004395
1159	12.9085	-0.6282999999999994	0.28780279954274496
1706	12.4052	-0.5032999999999994	0.303908375898997
1287	12.1737	-0.23150000000000048	0.38244478702545165
1258	11.9593	-0.21439999999999948	0.3925470431645711
895	11.7871	-0.17220000000000013	0.4114899873733521
999	11.6776	-0.1095000000000006	0.46956665913263956
278	11.577	-0.10060000000000002	0.47954273223876953
993	11.4981	-0.07889999999999908	0.5256999135017395
1369	11.4227	-0.07540000000000013	0.5386805295944214
713	11.3586	-0.0641000000000016	0.5804496963818868
465	11.2975	-0.06109999999999971	0.5973508358001709
1	11.2398	-0.05769999999999875	0.6141573508580526
412	11.1835	-0.05630000000000024	0.6315299312273661
1998	11.1296	-0.0539000000000005	0.6527196764945984
691	11.0765	-0.05310000000000059	0.6634724020957947
1587	11.0275	-0.04899999999999949	0.6917558590571086
1522	10.9818	-0.045700000000000074	0.7301897803942362
217	10.9369	-0.04490000000000016	0.7546874761581421
1839	10.8932	-0.043699999999999406	0.7836238344510397
1377	10.8238	-0.0693999999999999	0.7913588563601176
329	10.7806	-0.04320000000000057	0.8096731702486674
1906	10.73	-0.05059999999999931	0.8172887245814006
511	10.6877	-0.04230000000000089	0.8370948195457458
547	10.6341	-0.053599999999999426	0.8445691625277202
411	10.5944	-0.039699999999999847	0.9037866671880086
1278	10.5556	-0.03880000000000017	0.9404750903447469
1792	10.5168	-0.03880000000000017	0.9493876655896505
1833	10.4796	-0.037200000000000344	0.9857580025990804
1963	10.4435	-0.036099999999999355	1.0227584759394328
1768	10.4076	-0.03589999999999982	1.0396969477335611
984	10.3719	-0.03570000000000029	1.0524457653363546
829	10.3368	-0.03509999999999991	1.0874521573384603
903	10.3022	-0.034600000000001074	1.1086628357569377
1876	10.2681	-0.03409999999999869	1.1341717402140299
1992	10.2344	-0.03369999999999962	1.1428170283635457
203	10.2018	-0.032600000000000406	1.1596730629603067
